Wilmington, WTN
QB,Default Joe,20,2016,70,70,70,70,70,70,0.9,4
RB,Default Joe,20,2016,70,70,70,70,70,70,0.9,4
RB,Default Joe,20,2016,70,70,70,70,70,70,0.9,4
WR,Default Joe,20,2016,70,70,70,70,70,70,0.9,4
WR,Default Joe,20,2016,70,70,70,70,70,70,0.9,4
WR,Default Joe,20,2016,70,70,70,70,70,70,0.9,4
OL,Default Joe,20,2016,70,70,70,70,70,70,0.9,4
OL,Default Joe,20,2016,70,70,70,70,70,70,0.9,4
OL,Default Joe,20,2016,70,70,70,70,70,70,0.9,4
OL,Default Joe,20,2016,70,70,70,70,70,70,0.9,4
OL,Default Joe,20,2016,70,70,70,70,70,70,0.9,4
DL,Default Joe,20,2016,70,70,70,70,70,70,0.9,4
DL,Default Joe,20,2016,70,70,70,70,70,70,0.9,4
DL,Default Joe,20,2016,70,70,70,70,70,70,0.9,4
DL,Default Joe,20,2016,70,70,70,70,70,70,0.9,4
CB,Default Joe,20,2016,70,70,70,70,70,70,0.9,4
CB,Default Joe,20,2016,70,70,70,70,70,70,0.9,4
CB,Default Joe,20,2016,70,70,70,70,70,70,0.9,4
S,Default Joe,20,2016,70,70,70,70,70,70,0.9,4
LB,Default Joe,20,2016,70,70,70,70,70,70,0.9,4
LB,Default Joe,20,2016,70,70,70,70,70,70,0.9,4
LB,Default Joe,20,2016,70,70,70,70,70,70,0.9,4
END_PLAYERS
Smyrna, SMA
QB,Default Joe,20,2016,70,70,70,70,70,70,0.9,4
RB,Default Joe,20,2016,70,70,70,70,70,70,0.9,4
RB,Default Joe,20,2016,70,70,70,70,70,70,0.9,4
WR,Default Joe,20,2016,70,70,70,70,70,70,0.9,4
WR,Default Joe,20,2016,70,70,70,70,70,70,0.9,4
WR,Default Joe,20,2016,70,70,70,70,70,70,0.9,4
OL,Default Joe,20,2016,70,70,70,70,70,70,0.9,4
OL,Default Joe,20,2016,70,70,70,70,70,70,0.9,4
OL,Default Joe,20,2016,70,70,70,70,70,70,0.9,4
OL,Default Joe,20,2016,70,70,70,70,70,70,0.9,4
OL,Default Joe,20,2016,70,70,70,70,70,70,0.9,4
DL,Default Joe,20,2016,70,70,70,70,70,70,0.9,4
DL,Default Joe,20,2016,70,70,70,70,70,70,0.9,4
DL,Default Joe,20,2016,70,70,70,70,70,70,0.9,4
DL,Default Joe,20,2016,70,70,70,70,70,70,0.9,4
CB,Default Joe,20,2016,70,70,70,70,70,70,0.9,4
CB,Default Joe,20,2016,70,70,70,70,70,70,0.9,4
CB,Default Joe,20,2016,70,70,70,70,70,70,0.9,4
S,Default Joe,20,2016,70,70,70,70,70,70,0.9,4
LB,Default Joe,20,2016,70,70,70,70,70,70,0.9,4
LB,Default Joe,20,2016,70,70,70,70,70,70,0.9,4
LB,Default Joe,20,2016,70,70,70,70,70,70,0.9,4
END_PLAYERS
Archmere Academy, ARA
QB,Default Joe,20,2016,70,70,70,70,70,70,0.9,4
RB,Default Joe,20,2016,70,70,70,70,70,70,0.9,4
RB,Default Joe,20,2016,70,70,70,70,70,70,0.9,4
WR,Default Joe,20,2016,70,70,70,70,70,70,0.9,4
WR,Default Joe,20,2016,70,70,70,70,70,70,0.9,4
WR,Default Joe,20,2016,70,70,70,70,70,70,0.9,4
OL,Default Joe,20,2016,70,70,70,70,70,70,0.9,4
OL,Default Joe,20,2016,70,70,70,70,70,70,0.9,4
OL,Default Joe,20,2016,70,70,70,70,70,70,0.9,4
OL,Default Joe,20,2016,70,70,70,70,70,70,0.9,4
OL,Default Joe,20,2016,70,70,70,70,70,70,0.9,4
DL,Default Joe,20,2016,70,70,70,70,70,70,0.9,4
DL,Default Joe,20,2016,70,70,70,70,70,70,0.9,4
DL,Default Joe,20,2016,70,70,70,70,70,70,0.9,4
DL,Default Joe,20,2016,70,70,70,70,70,70,0.9,4
CB,Default Joe,20,2016,70,70,70,70,70,70,0.9,4
CB,Default Joe,20,2016,70,70,70,70,70,70,0.9,4
CB,Default Joe,20,2016,70,70,70,70,70,70,0.9,4
S,Default Joe,20,2016,70,70,70,70,70,70,0.9,4
LB,Default Joe,20,2016,70,70,70,70,70,70,0.9,4
LB,Default Joe,20,2016,70,70,70,70,70,70,0.9,4
LB,Default Joe,20,2016,70,70,70,70,70,70,0.9,4
END_PLAYERS
Wilmington Friends, WTF
QB,Default Joe,20,2016,70,70,70,70,70,70,0.9,4
RB,Default Joe,20,2016,70,70,70,70,70,70,0.9,4
RB,Default Joe,20,2016,70,70,70,70,70,70,0.9,4
WR,Default Joe,20,2016,70,70,70,70,70,70,0.9,4
WR,Default Joe,20,2016,70,70,70,70,70,70,0.9,4
WR,Default Joe,20,2016,70,70,70,70,70,70,0.9,4
OL,Default Joe,20,2016,70,70,70,70,70,70,0.9,4
OL,Default Joe,20,2016,70,70,70,70,70,70,0.9,4
OL,Default Joe,20,2016,70,70,70,70,70,70,0.9,4
OL,Default Joe,20,2016,70,70,70,70,70,70,0.9,4
OL,Default Joe,20,2016,70,70,70,70,70,70,0.9,4
DL,Default Joe,20,2016,70,70,70,70,70,70,0.9,4
DL,Default Joe,20,2016,70,70,70,70,70,70,0.9,4
DL,Default Joe,20,2016,70,70,70,70,70,70,0.9,4
DL,Default Joe,20,2016,70,70,70,70,70,70,0.9,4
CB,Default Joe,20,2016,70,70,70,70,70,70,0.9,4
CB,Default Joe,20,2016,70,70,70,70,70,70,0.9,4
CB,Default Joe,20,2016,70,70,70,70,70,70,0.9,4
S,Default Joe,20,2016,70,70,70,70,70,70,0.9,4
LB,Default Joe,20,2016,70,70,70,70,70,70,0.9,4
LB,Default Joe,20,2016,70,70,70,70,70,70,0.9,4
LB,Default Joe,20,2016,70,70,70,70,70,70,0.9,4
END_PLAYERS
St. Mark's, STM
QB,Default Joe,20,2016,70,70,70,70,70,70,0.9,4
RB,Default Joe,20,2016,70,70,70,70,70,70,0.9,4
RB,Default Joe,20,2016,70,70,70,70,70,70,0.9,4
WR,Default Joe,20,2016,70,70,70,70,70,70,0.9,4
WR,Default Joe,20,2016,70,70,70,70,70,70,0.9,4
WR,Default Joe,20,2016,70,70,70,70,70,70,0.9,4
OL,Default Joe,20,2016,70,70,70,70,70,70,0.9,4
OL,Default Joe,20,2016,70,70,70,70,70,70,0.9,4
OL,Default Joe,20,2016,70,70,70,70,70,70,0.9,4
OL,Default Joe,20,2016,70,70,70,70,70,70,0.9,4
OL,Default Joe,20,2016,70,70,70,70,70,70,0.9,4
DL,Default Joe,20,2016,70,70,70,70,70,70,0.9,4
DL,Default Joe,20,2016,70,70,70,70,70,70,0.9,4
DL,Default Joe,20,2016,70,70,70,70,70,70,0.9,4
DL,Default Joe,20,2016,70,70,70,70,70,70,0.9,4
CB,Default Joe,20,2016,70,70,70,70,70,70,0.9,4
CB,Default Joe,20,2016,70,70,70,70,70,70,0.9,4
CB,Default Joe,20,2016,70,70,70,70,70,70,0.9,4
S,Default Joe,20,2016,70,70,70,70,70,70,0.9,4
LB,Default Joe,20,2016,70,70,70,70,70,70,0.9,4
LB,Default Joe,20,2016,70,70,70,70,70,70,0.9,4
LB,Default Joe,20,2016,70,70,70,70,70,70,0.9,4
END_PLAYERS
Dover, DVR
QB,Default Joe,20,2016,70,70,70,70,70,70,0.9,4
RB,Default Joe,20,2016,70,70,70,70,70,70,0.9,4
RB,Default Joe,20,2016,70,70,70,70,70,70,0.9,4
WR,Default Joe,20,2016,70,70,70,70,70,70,0.9,4
WR,Default Joe,20,2016,70,70,70,70,70,70,0.9,4
WR,Default Joe,20,2016,70,70,70,70,70,70,0.9,4
OL,Default Joe,20,2016,70,70,70,70,70,70,0.9,4
OL,Default Joe,20,2016,70,70,70,70,70,70,0.9,4
OL,Default Joe,20,2016,70,70,70,70,70,70,0.9,4
OL,Default Joe,20,2016,70,70,70,70,70,70,0.9,4
OL,Default Joe,20,2016,70,70,70,70,70,70,0.9,4
DL,Default Joe,20,2016,70,70,70,70,70,70,0.9,4
DL,Default Joe,20,2016,70,70,70,70,70,70,0.9,4
DL,Default Joe,20,2016,70,70,70,70,70,70,0.9,4
DL,Default Joe,20,2016,70,70,70,70,70,70,0.9,4
CB,Default Joe,20,2016,70,70,70,70,70,70,0.9,4
CB,Default Joe,20,2016,70,70,70,70,70,70,0.9,4
CB,Default Joe,20,2016,70,70,70,70,70,70,0.9,4
S,Default Joe,20,2016,70,70,70,70,70,70,0.9,4
LB,Default Joe,20,2016,70,70,70,70,70,70,0.9,4
LB,Default Joe,20,2016,70,70,70,70,70,70,0.9,4
LB,Default Joe,20,2016,70,70,70,70,70,70,0.9,4
END_PLAYERS
Sussex Central, SXC
QB,Default Joe,20,2016,70,70,70,70,70,70,0.9,4
RB,Default Joe,20,2016,70,70,70,70,70,70,0.9,4
RB,Default Joe,20,2016,70,70,70,70,70,70,0.9,4
WR,Default Joe,20,2016,70,70,70,70,70,70,0.9,4
WR,Default Joe,20,2016,70,70,70,70,70,70,0.9,4
WR,Default Joe,20,2016,70,70,70,70,70,70,0.9,4
OL,Default Joe,20,2016,70,70,70,70,70,70,0.9,4
OL,Default Joe,20,2016,70,70,70,70,70,70,0.9,4
OL,Default Joe,20,2016,70,70,70,70,70,70,0.9,4
OL,Default Joe,20,2016,70,70,70,70,70,70,0.9,4
OL,Default Joe,20,2016,70,70,70,70,70,70,0.9,4
DL,Default Joe,20,2016,70,70,70,70,70,70,0.9,4
DL,Default Joe,20,2016,70,70,70,70,70,70,0.9,4
DL,Default Joe,20,2016,70,70,70,70,70,70,0.9,4
DL,Default Joe,20,2016,70,70,70,70,70,70,0.9,4
CB,Default Joe,20,2016,70,70,70,70,70,70,0.9,4
CB,Default Joe,20,2016,70,70,70,70,70,70,0.9,4
CB,Default Joe,20,2016,70,70,70,70,70,70,0.9,4
S,Default Joe,20,2016,70,70,70,70,70,70,0.9,4
LB,Default Joe,20,2016,70,70,70,70,70,70,0.9,4
LB,Default Joe,20,2016,70,70,70,70,70,70,0.9,4
LB,Default Joe,20,2016,70,70,70,70,70,70,0.9,4
END_PLAYERS
Caravel, CAV
QB,Default Joe,20,2016,70,70,70,70,70,70,0.9,4
RB,Default Joe,20,2016,70,70,70,70,70,70,0.9,4
RB,Default Joe,20,2016,70,70,70,70,70,70,0.9,4
WR,Default Joe,20,2016,70,70,70,70,70,70,0.9,4
WR,Default Joe,20,2016,70,70,70,70,70,70,0.9,4
WR,Default Joe,20,2016,70,70,70,70,70,70,0.9,4
OL,Default Joe,20,2016,70,70,70,70,70,70,0.9,4
OL,Default Joe,20,2016,70,70,70,70,70,70,0.9,4
OL,Default Joe,20,2016,70,70,70,70,70,70,0.9,4
OL,Default Joe,20,2016,70,70,70,70,70,70,0.9,4
OL,Default Joe,20,2016,70,70,70,70,70,70,0.9,4
DL,Default Joe,20,2016,70,70,70,70,70,70,0.9,4
DL,Default Joe,20,2016,70,70,70,70,70,70,0.9,4
DL,Default Joe,20,2016,70,70,70,70,70,70,0.9,4
DL,Default Joe,20,2016,70,70,70,70,70,70,0.9,4
CB,Default Joe,20,2016,70,70,70,70,70,70,0.9,4
CB,Default Joe,20,2016,70,70,70,70,70,70,0.9,4
CB,Default Joe,20,2016,70,70,70,70,70,70,0.9,4
S,Default Joe,20,2016,70,70,70,70,70,70,0.9,4
LB,Default Joe,20,2016,70,70,70,70,70,70,0.9,4
LB,Default Joe,20,2016,70,70,70,70,70,70,0.9,4
LB,Default Joe,20,2016,70,70,70,70,70,70,0.9,4
END_PLAYERS
Delaware Military Academy, DMA
QB,Default Joe,20,2016,70,70,70,70,70,70,0.9,4
RB,Default Joe,20,2016,70,70,70,70,70,70,0.9,4
RB,Default Joe,20,2016,70,70,70,70,70,70,0.9,4
WR,Default Joe,20,2016,70,70,70,70,70,70,0.9,4
WR,Default Joe,20,2016,70,70,70,70,70,70,0.9,4
WR,Default Joe,20,2016,70,70,70,70,70,70,0.9,4
OL,Default Joe,20,2016,70,70,70,70,70,70,0.9,4
OL,Default Joe,20,2016,70,70,70,70,70,70,0.9,4
OL,Default Joe,20,2016,70,70,70,70,70,70,0.9,4
OL,Default Joe,20,2016,70,70,70,70,70,70,0.9,4
OL,Default Joe,20,2016,70,70,70,70,70,70,0.9,4
DL,Default Joe,20,2016,70,70,70,70,70,70,0.9,4
DL,Default Joe,20,2016,70,70,70,70,70,70,0.9,4
DL,Default Joe,20,2016,70,70,70,70,70,70,0.9,4
DL,Default Joe,20,2016,70,70,70,70,70,70,0.9,4
CB,Default Joe,20,2016,70,70,70,70,70,70,0.9,4
CB,Default Joe,20,2016,70,70,70,70,70,70,0.9,4
CB,Default Joe,20,2016,70,70,70,70,70,70,0.9,4
S,Default Joe,20,2016,70,70,70,70,70,70,0.9,4
LB,Default Joe,20,2016,70,70,70,70,70,70,0.9,4
LB,Default Joe,20,2016,70,70,70,70,70,70,0.9,4
LB,Default Joe,20,2016,70,70,70,70,70,70,0.9,4
END_PLAYERS
Howard, HWD
QB,Default Joe,20,2016,70,70,70,70,70,70,0.9,4
RB,Default Joe,20,2016,70,70,70,70,70,70,0.9,4
RB,Default Joe,20,2016,70,70,70,70,70,70,0.9,4
WR,Default Joe,20,2016,70,70,70,70,70,70,0.9,4
WR,Default Joe,20,2016,70,70,70,70,70,70,0.9,4
WR,Default Joe,20,2016,70,70,70,70,70,70,0.9,4
OL,Default Joe,20,2016,70,70,70,70,70,70,0.9,4
OL,Default Joe,20,2016,70,70,70,70,70,70,0.9,4
OL,Default Joe,20,2016,70,70,70,70,70,70,0.9,4
OL,Default Joe,20,2016,70,70,70,70,70,70,0.9,4
OL,Default Joe,20,2016,70,70,70,70,70,70,0.9,4
DL,Default Joe,20,2016,70,70,70,70,70,70,0.9,4
DL,Default Joe,20,2016,70,70,70,70,70,70,0.9,4
DL,Default Joe,20,2016,70,70,70,70,70,70,0.9,4
DL,Default Joe,20,2016,70,70,70,70,70,70,0.9,4
CB,Default Joe,20,2016,70,70,70,70,70,70,0.9,4
CB,Default Joe,20,2016,70,70,70,70,70,70,0.9,4
CB,Default Joe,20,2016,70,70,70,70,70,70,0.9,4
S,Default Joe,20,2016,70,70,70,70,70,70,0.9,4
LB,Default Joe,20,2016,70,70,70,70,70,70,0.9,4
LB,Default Joe,20,2016,70,70,70,70,70,70,0.9,4
LB,Default Joe,20,2016,70,70,70,70,70,70,0.9,4
END_PLAYERS
Lake Forest, LFT
QB,Default Joe,20,2016,70,70,70,70,70,70,0.9,4
RB,Default Joe,20,2016,70,70,70,70,70,70,0.9,4
RB,Default Joe,20,2016,70,70,70,70,70,70,0.9,4
WR,Default Joe,20,2016,70,70,70,70,70,70,0.9,4
WR,Default Joe,20,2016,70,70,70,70,70,70,0.9,4
WR,Default Joe,20,2016,70,70,70,70,70,70,0.9,4
OL,Default Joe,20,2016,70,70,70,70,70,70,0.9,4
OL,Default Joe,20,2016,70,70,70,70,70,70,0.9,4
OL,Default Joe,20,2016,70,70,70,70,70,70,0.9,4
OL,Default Joe,20,2016,70,70,70,70,70,70,0.9,4
OL,Default Joe,20,2016,70,70,70,70,70,70,0.9,4
DL,Default Joe,20,2016,70,70,70,70,70,70,0.9,4
DL,Default Joe,20,2016,70,70,70,70,70,70,0.9,4
DL,Default Joe,20,2016,70,70,70,70,70,70,0.9,4
DL,Default Joe,20,2016,70,70,70,70,70,70,0.9,4
CB,Default Joe,20,2016,70,70,70,70,70,70,0.9,4
CB,Default Joe,20,2016,70,70,70,70,70,70,0.9,4
CB,Default Joe,20,2016,70,70,70,70,70,70,0.9,4
S,Default Joe,20,2016,70,70,70,70,70,70,0.9,4
LB,Default Joe,20,2016,70,70,70,70,70,70,0.9,4
LB,Default Joe,20,2016,70,70,70,70,70,70,0.9,4
LB,Default Joe,20,2016,70,70,70,70,70,70,0.9,4
END_PLAYERS
Laurel, LRL
QB,Default Joe,20,2016,70,70,70,70,70,70,0.9,4
RB,Default Joe,20,2016,70,70,70,70,70,70,0.9,4
RB,Default Joe,20,2016,70,70,70,70,70,70,0.9,4
WR,Default Joe,20,2016,70,70,70,70,70,70,0.9,4
WR,Default Joe,20,2016,70,70,70,70,70,70,0.9,4
WR,Default Joe,20,2016,70,70,70,70,70,70,0.9,4
OL,Default Joe,20,2016,70,70,70,70,70,70,0.9,4
OL,Default Joe,20,2016,70,70,70,70,70,70,0.9,4
OL,Default Joe,20,2016,70,70,70,70,70,70,0.9,4
OL,Default Joe,20,2016,70,70,70,70,70,70,0.9,4
OL,Default Joe,20,2016,70,70,70,70,70,70,0.9,4
DL,Default Joe,20,2016,70,70,70,70,70,70,0.9,4
DL,Default Joe,20,2016,70,70,70,70,70,70,0.9,4
DL,Default Joe,20,2016,70,70,70,70,70,70,0.9,4
DL,Default Joe,20,2016,70,70,70,70,70,70,0.9,4
CB,Default Joe,20,2016,70,70,70,70,70,70,0.9,4
CB,Default Joe,20,2016,70,70,70,70,70,70,0.9,4
CB,Default Joe,20,2016,70,70,70,70,70,70,0.9,4
S,Default Joe,20,2016,70,70,70,70,70,70,0.9,4
LB,Default Joe,20,2016,70,70,70,70,70,70,0.9,4
LB,Default Joe,20,2016,70,70,70,70,70,70,0.9,4
LB,Default Joe,20,2016,70,70,70,70,70,70,0.9,4
END_PLAYERS
Salesianum. SLM
QB,Default Joe,20,2016,70,70,70,70,70,70,0.9,4
RB,Default Joe,20,2016,70,70,70,70,70,70,0.9,4
RB,Default Joe,20,2016,70,70,70,70,70,70,0.9,4
WR,Default Joe,20,2016,70,70,70,70,70,70,0.9,4
WR,Default Joe,20,2016,70,70,70,70,70,70,0.9,4
WR,Default Joe,20,2016,70,70,70,70,70,70,0.9,4
OL,Default Joe,20,2016,70,70,70,70,70,70,0.9,4
OL,Default Joe,20,2016,70,70,70,70,70,70,0.9,4
OL,Default Joe,20,2016,70,70,70,70,70,70,0.9,4
OL,Default Joe,20,2016,70,70,70,70,70,70,0.9,4
OL,Default Joe,20,2016,70,70,70,70,70,70,0.9,4
DL,Default Joe,20,2016,70,70,70,70,70,70,0.9,4
DL,Default Joe,20,2016,70,70,70,70,70,70,0.9,4
DL,Default Joe,20,2016,70,70,70,70,70,70,0.9,4
DL,Default Joe,20,2016,70,70,70,70,70,70,0.9,4
CB,Default Joe,20,2016,70,70,70,70,70,70,0.9,4
CB,Default Joe,20,2016,70,70,70,70,70,70,0.9,4
CB,Default Joe,20,2016,70,70,70,70,70,70,0.9,4
S,Default Joe,20,2016,70,70,70,70,70,70,0.9,4
LB,Default Joe,20,2016,70,70,70,70,70,70,0.9,4
LB,Default Joe,20,2016,70,70,70,70,70,70,0.9,4
LB,Default Joe,20,2016,70,70,70,70,70,70,0.9,4
END_PLAYERS
Cape Henelopen, CHN
QB,Default Joe,20,2016,70,70,70,70,70,70,0.9,4
RB,Default Joe,20,2016,70,70,70,70,70,70,0.9,4
RB,Default Joe,20,2016,70,70,70,70,70,70,0.9,4
WR,Default Joe,20,2016,70,70,70,70,70,70,0.9,4
WR,Default Joe,20,2016,70,70,70,70,70,70,0.9,4
WR,Default Joe,20,2016,70,70,70,70,70,70,0.9,4
OL,Default Joe,20,2016,70,70,70,70,70,70,0.9,4
OL,Default Joe,20,2016,70,70,70,70,70,70,0.9,4
OL,Default Joe,20,2016,70,70,70,70,70,70,0.9,4
OL,Default Joe,20,2016,70,70,70,70,70,70,0.9,4
OL,Default Joe,20,2016,70,70,70,70,70,70,0.9,4
DL,Default Joe,20,2016,70,70,70,70,70,70,0.9,4
DL,Default Joe,20,2016,70,70,70,70,70,70,0.9,4
DL,Default Joe,20,2016,70,70,70,70,70,70,0.9,4
DL,Default Joe,20,2016,70,70,70,70,70,70,0.9,4
CB,Default Joe,20,2016,70,70,70,70,70,70,0.9,4
CB,Default Joe,20,2016,70,70,70,70,70,70,0.9,4
CB,Default Joe,20,2016,70,70,70,70,70,70,0.9,4
S,Default Joe,20,2016,70,70,70,70,70,70,0.9,4
LB,Default Joe,20,2016,70,70,70,70,70,70,0.9,4
LB,Default Joe,20,2016,70,70,70,70,70,70,0.9,4
LB,Default Joe,20,2016,70,70,70,70,70,70,0.9,4
END_PLAYERS
St. Georges Tech, SGT
QB,Default Joe,20,2016,70,70,70,70,70,70,0.9,4
RB,Default Joe,20,2016,70,70,70,70,70,70,0.9,4
RB,Default Joe,20,2016,70,70,70,70,70,70,0.9,4
WR,Default Joe,20,2016,70,70,70,70,70,70,0.9,4
WR,Default Joe,20,2016,70,70,70,70,70,70,0.9,4
WR,Default Joe,20,2016,70,70,70,70,70,70,0.9,4
OL,Default Joe,20,2016,70,70,70,70,70,70,0.9,4
OL,Default Joe,20,2016,70,70,70,70,70,70,0.9,4
OL,Default Joe,20,2016,70,70,70,70,70,70,0.9,4
OL,Default Joe,20,2016,70,70,70,70,70,70,0.9,4
OL,Default Joe,20,2016,70,70,70,70,70,70,0.9,4
DL,Default Joe,20,2016,70,70,70,70,70,70,0.9,4
DL,Default Joe,20,2016,70,70,70,70,70,70,0.9,4
DL,Default Joe,20,2016,70,70,70,70,70,70,0.9,4
DL,Default Joe,20,2016,70,70,70,70,70,70,0.9,4
CB,Default Joe,20,2016,70,70,70,70,70,70,0.9,4
CB,Default Joe,20,2016,70,70,70,70,70,70,0.9,4
CB,Default Joe,20,2016,70,70,70,70,70,70,0.9,4
S,Default Joe,20,2016,70,70,70,70,70,70,0.9,4
LB,Default Joe,20,2016,70,70,70,70,70,70,0.9,4
LB,Default Joe,20,2016,70,70,70,70,70,70,0.9,4
LB,Default Joe,20,2016,70,70,70,70,70,70,0.9,4
END_PLAYERS
Design-Lab Dragonflies, DLD
QB,Default Joe,20,2016,70,70,70,70,70,70,0.9,4
RB,Default Joe,20,2016,70,70,70,70,70,70,0.9,4
RB,Default Joe,20,2016,70,70,70,70,70,70,0.9,4
WR,Default Joe,20,2016,70,70,70,70,70,70,0.9,4
WR,Default Joe,20,2016,70,70,70,70,70,70,0.9,4
WR,Default Joe,20,2016,70,70,70,70,70,70,0.9,4
OL,Default Joe,20,2016,70,70,70,70,70,70,0.9,4
OL,Default Joe,20,2016,70,70,70,70,70,70,0.9,4
OL,Default Joe,20,2016,70,70,70,70,70,70,0.9,4
OL,Default Joe,20,2016,70,70,70,70,70,70,0.9,4
OL,Default Joe,20,2016,70,70,70,70,70,70,0.9,4
DL,Default Joe,20,2016,70,70,70,70,70,70,0.9,4
DL,Default Joe,20,2016,70,70,70,70,70,70,0.9,4
DL,Default Joe,20,2016,70,70,70,70,70,70,0.9,4
DL,Default Joe,20,2016,70,70,70,70,70,70,0.9,4
CB,Default Joe,20,2016,70,70,70,70,70,70,0.9,4
CB,Default Joe,20,2016,70,70,70,70,70,70,0.9,4
CB,Default Joe,20,2016,70,70,70,70,70,70,0.9,4
S,Default Joe,20,2016,70,70,70,70,70,70,0.9,4
LB,Default Joe,20,2016,70,70,70,70,70,70,0.9,4
LB,Default Joe,20,2016,70,70,70,70,70,70,0.9,4
LB,Default Joe,20,2016,70,70,70,70,70,70,0.9,4
END_PLAYERS
Appoquinimink, APO
QB,Default Joe,20,2016,70,70,70,70,70,70,0.9,4
RB,Default Joe,20,2016,70,70,70,70,70,70,0.9,4
RB,Default Joe,20,2016,70,70,70,70,70,70,0.9,4
WR,Default Joe,20,2016,70,70,70,70,70,70,0.9,4
WR,Default Joe,20,2016,70,70,70,70,70,70,0.9,4
WR,Default Joe,20,2016,70,70,70,70,70,70,0.9,4
OL,Default Joe,20,2016,70,70,70,70,70,70,0.9,4
OL,Default Joe,20,2016,70,70,70,70,70,70,0.9,4
OL,Default Joe,20,2016,70,70,70,70,70,70,0.9,4
OL,Default Joe,20,2016,70,70,70,70,70,70,0.9,4
OL,Default Joe,20,2016,70,70,70,70,70,70,0.9,4
DL,Default Joe,20,2016,70,70,70,70,70,70,0.9,4
DL,Default Joe,20,2016,70,70,70,70,70,70,0.9,4
DL,Default Joe,20,2016,70,70,70,70,70,70,0.9,4
DL,Default Joe,20,2016,70,70,70,70,70,70,0.9,4
CB,Default Joe,20,2016,70,70,70,70,70,70,0.9,4
CB,Default Joe,20,2016,70,70,70,70,70,70,0.9,4
CB,Default Joe,20,2016,70,70,70,70,70,70,0.9,4
S,Default Joe,20,2016,70,70,70,70,70,70,0.9,4
LB,Default Joe,20,2016,70,70,70,70,70,70,0.9,4
LB,Default Joe,20,2016,70,70,70,70,70,70,0.9,4
LB,Default Joe,20,2016,70,70,70,70,70,70,0.9,4
END_PLAYERS
Seaford, SFD
QB,Default Joe,20,2016,70,70,70,70,70,70,0.9,4
RB,Default Joe,20,2016,70,70,70,70,70,70,0.9,4
RB,Default Joe,20,2016,70,70,70,70,70,70,0.9,4
WR,Default Joe,20,2016,70,70,70,70,70,70,0.9,4
WR,Default Joe,20,2016,70,70,70,70,70,70,0.9,4
WR,Default Joe,20,2016,70,70,70,70,70,70,0.9,4
OL,Default Joe,20,2016,70,70,70,70,70,70,0.9,4
OL,Default Joe,20,2016,70,70,70,70,70,70,0.9,4
OL,Default Joe,20,2016,70,70,70,70,70,70,0.9,4
OL,Default Joe,20,2016,70,70,70,70,70,70,0.9,4
OL,Default Joe,20,2016,70,70,70,70,70,70,0.9,4
DL,Default Joe,20,2016,70,70,70,70,70,70,0.9,4
DL,Default Joe,20,2016,70,70,70,70,70,70,0.9,4
DL,Default Joe,20,2016,70,70,70,70,70,70,0.9,4
DL,Default Joe,20,2016,70,70,70,70,70,70,0.9,4
CB,Default Joe,20,2016,70,70,70,70,70,70,0.9,4
CB,Default Joe,20,2016,70,70,70,70,70,70,0.9,4
CB,Default Joe,20,2016,70,70,70,70,70,70,0.9,4
S,Default Joe,20,2016,70,70,70,70,70,70,0.9,4
LB,Default Joe,20,2016,70,70,70,70,70,70,0.9,4
LB,Default Joe,20,2016,70,70,70,70,70,70,0.9,4
LB,Default Joe,20,2016,70,70,70,70,70,70,0.9,4
END_PLAYERS
Tower Hill, TRH
QB,Default Joe,20,2016,70,70,70,70,70,70,0.9,4
RB,Default Joe,20,2016,70,70,70,70,70,70,0.9,4
RB,Default Joe,20,2016,70,70,70,70,70,70,0.9,4
WR,Default Joe,20,2016,70,70,70,70,70,70,0.9,4
WR,Default Joe,20,2016,70,70,70,70,70,70,0.9,4
WR,Default Joe,20,2016,70,70,70,70,70,70,0.9,4
OL,Default Joe,20,2016,70,70,70,70,70,70,0.9,4
OL,Default Joe,20,2016,70,70,70,70,70,70,0.9,4
OL,Default Joe,20,2016,70,70,70,70,70,70,0.9,4
OL,Default Joe,20,2016,70,70,70,70,70,70,0.9,4
OL,Default Joe,20,2016,70,70,70,70,70,70,0.9,4
DL,Default Joe,20,2016,70,70,70,70,70,70,0.9,4
DL,Default Joe,20,2016,70,70,70,70,70,70,0.9,4
DL,Default Joe,20,2016,70,70,70,70,70,70,0.9,4
DL,Default Joe,20,2016,70,70,70,70,70,70,0.9,4
CB,Default Joe,20,2016,70,70,70,70,70,70,0.9,4
CB,Default Joe,20,2016,70,70,70,70,70,70,0.9,4
CB,Default Joe,20,2016,70,70,70,70,70,70,0.9,4
S,Default Joe,20,2016,70,70,70,70,70,70,0.9,4
LB,Default Joe,20,2016,70,70,70,70,70,70,0.9,4
LB,Default Joe,20,2016,70,70,70,70,70,70,0.9,4
LB,Default Joe,20,2016,70,70,70,70,70,70,0.9,4
END_PLAYERS
Woodbridge, WBG
QB,Default Joe,20,2016,70,70,70,70,70,70,0.9,4
RB,Default Joe,20,2016,70,70,70,70,70,70,0.9,4
RB,Default Joe,20,2016,70,70,70,70,70,70,0.9,4
WR,Default Joe,20,2016,70,70,70,70,70,70,0.9,4
WR,Default Joe,20,2016,70,70,70,70,70,70,0.9,4
WR,Default Joe,20,2016,70,70,70,70,70,70,0.9,4
OL,Default Joe,20,2016,70,70,70,70,70,70,0.9,4
OL,Default Joe,20,2016,70,70,70,70,70,70,0.9,4
OL,Default Joe,20,2016,70,70,70,70,70,70,0.9,4
OL,Default Joe,20,2016,70,70,70,70,70,70,0.9,4
OL,Default Joe,20,2016,70,70,70,70,70,70,0.9,4
DL,Default Joe,20,2016,70,70,70,70,70,70,0.9,4
DL,Default Joe,20,2016,70,70,70,70,70,70,0.9,4
DL,Default Joe,20,2016,70,70,70,70,70,70,0.9,4
DL,Default Joe,20,2016,70,70,70,70,70,70,0.9,4
CB,Default Joe,20,2016,70,70,70,70,70,70,0.9,4
CB,Default Joe,20,2016,70,70,70,70,70,70,0.9,4
CB,Default Joe,20,2016,70,70,70,70,70,70,0.9,4
S,Default Joe,20,2016,70,70,70,70,70,70,0.9,4
LB,Default Joe,20,2016,70,70,70,70,70,70,0.9,4
LB,Default Joe,20,2016,70,70,70,70,70,70,0.9,4
LB,Default Joe,20,2016,70,70,70,70,70,70,0.9,4
END_PLAYERS
Mount Pleasant, MPH
QB,Default Joe,20,2016,70,70,70,70,70,70,0.9,4
RB,Default Joe,20,2016,70,70,70,70,70,70,0.9,4
RB,Default Joe,20,2016,70,70,70,70,70,70,0.9,4
WR,Default Joe,20,2016,70,70,70,70,70,70,0.9,4
WR,Default Joe,20,2016,70,70,70,70,70,70,0.9,4
WR,Default Joe,20,2016,70,70,70,70,70,70,0.9,4
OL,Default Joe,20,2016,70,70,70,70,70,70,0.9,4
OL,Default Joe,20,2016,70,70,70,70,70,70,0.9,4
OL,Default Joe,20,2016,70,70,70,70,70,70,0.9,4
OL,Default Joe,20,2016,70,70,70,70,70,70,0.9,4
OL,Default Joe,20,2016,70,70,70,70,70,70,0.9,4
DL,Default Joe,20,2016,70,70,70,70,70,70,0.9,4
DL,Default Joe,20,2016,70,70,70,70,70,70,0.9,4
DL,Default Joe,20,2016,70,70,70,70,70,70,0.9,4
DL,Default Joe,20,2016,70,70,70,70,70,70,0.9,4
CB,Default Joe,20,2016,70,70,70,70,70,70,0.9,4
CB,Default Joe,20,2016,70,70,70,70,70,70,0.9,4
CB,Default Joe,20,2016,70,70,70,70,70,70,0.9,4
S,Default Joe,20,2016,70,70,70,70,70,70,0.9,4
LB,Default Joe,20,2016,70,70,70,70,70,70,0.9,4
LB,Default Joe,20,2016,70,70,70,70,70,70,0.9,4
LB,Default Joe,20,2016,70,70,70,70,70,70,0.9,4
END_PLAYERS
Delmar, DLM
QB,Default Joe,20,2016,70,70,70,70,70,70,0.9,4
RB,Default Joe,20,2016,70,70,70,70,70,70,0.9,4
RB,Default Joe,20,2016,70,70,70,70,70,70,0.9,4
WR,Default Joe,20,2016,70,70,70,70,70,70,0.9,4
WR,Default Joe,20,2016,70,70,70,70,70,70,0.9,4
WR,Default Joe,20,2016,70,70,70,70,70,70,0.9,4
OL,Default Joe,20,2016,70,70,70,70,70,70,0.9,4
OL,Default Joe,20,2016,70,70,70,70,70,70,0.9,4
OL,Default Joe,20,2016,70,70,70,70,70,70,0.9,4
OL,Default Joe,20,2016,70,70,70,70,70,70,0.9,4
OL,Default Joe,20,2016,70,70,70,70,70,70,0.9,4
DL,Default Joe,20,2016,70,70,70,70,70,70,0.9,4
DL,Default Joe,20,2016,70,70,70,70,70,70,0.9,4
DL,Default Joe,20,2016,70,70,70,70,70,70,0.9,4
DL,Default Joe,20,2016,70,70,70,70,70,70,0.9,4
CB,Default Joe,20,2016,70,70,70,70,70,70,0.9,4
CB,Default Joe,20,2016,70,70,70,70,70,70,0.9,4
CB,Default Joe,20,2016,70,70,70,70,70,70,0.9,4
S,Default Joe,20,2016,70,70,70,70,70,70,0.9,4
LB,Default Joe,20,2016,70,70,70,70,70,70,0.9,4
LB,Default Joe,20,2016,70,70,70,70,70,70,0.9,4
LB,Default Joe,20,2016,70,70,70,70,70,70,0.9,4
END_PLAYERS
Red Lion Christian Academy, RLC
QB,Default Joe,20,2016,70,70,70,70,70,70,0.9,4
RB,Default Joe,20,2016,70,70,70,70,70,70,0.9,4
RB,Default Joe,20,2016,70,70,70,70,70,70,0.9,4
WR,Default Joe,20,2016,70,70,70,70,70,70,0.9,4
WR,Default Joe,20,2016,70,70,70,70,70,70,0.9,4
WR,Default Joe,20,2016,70,70,70,70,70,70,0.9,4
OL,Default Joe,20,2016,70,70,70,70,70,70,0.9,4
OL,Default Joe,20,2016,70,70,70,70,70,70,0.9,4
OL,Default Joe,20,2016,70,70,70,70,70,70,0.9,4
OL,Default Joe,20,2016,70,70,70,70,70,70,0.9,4
OL,Default Joe,20,2016,70,70,70,70,70,70,0.9,4
DL,Default Joe,20,2016,70,70,70,70,70,70,0.9,4
DL,Default Joe,20,2016,70,70,70,70,70,70,0.9,4
DL,Default Joe,20,2016,70,70,70,70,70,70,0.9,4
DL,Default Joe,20,2016,70,70,70,70,70,70,0.9,4
CB,Default Joe,20,2016,70,70,70,70,70,70,0.9,4
CB,Default Joe,20,2016,70,70,70,70,70,70,0.9,4
CB,Default Joe,20,2016,70,70,70,70,70,70,0.9,4
S,Default Joe,20,2016,70,70,70,70,70,70,0.9,4
LB,Default Joe,20,2016,70,70,70,70,70,70,0.9,4
LB,Default Joe,20,2016,70,70,70,70,70,70,0.9,4
LB,Default Joe,20,2016,70,70,70,70,70,70,0.9,4
END_PLAYERS
Hodgson Vo-Tech, HVT
QB,Default Joe,20,2016,70,70,70,70,70,70,0.9,4
RB,Default Joe,20,2016,70,70,70,70,70,70,0.9,4
RB,Default Joe,20,2016,70,70,70,70,70,70,0.9,4
WR,Default Joe,20,2016,70,70,70,70,70,70,0.9,4
WR,Default Joe,20,2016,70,70,70,70,70,70,0.9,4
WR,Default Joe,20,2016,70,70,70,70,70,70,0.9,4
OL,Default Joe,20,2016,70,70,70,70,70,70,0.9,4
OL,Default Joe,20,2016,70,70,70,70,70,70,0.9,4
OL,Default Joe,20,2016,70,70,70,70,70,70,0.9,4
OL,Default Joe,20,2016,70,70,70,70,70,70,0.9,4
OL,Default Joe,20,2016,70,70,70,70,70,70,0.9,4
DL,Default Joe,20,2016,70,70,70,70,70,70,0.9,4
DL,Default Joe,20,2016,70,70,70,70,70,70,0.9,4
DL,Default Joe,20,2016,70,70,70,70,70,70,0.9,4
DL,Default Joe,20,2016,70,70,70,70,70,70,0.9,4
CB,Default Joe,20,2016,70,70,70,70,70,70,0.9,4
CB,Default Joe,20,2016,70,70,70,70,70,70,0.9,4
CB,Default Joe,20,2016,70,70,70,70,70,70,0.9,4
S,Default Joe,20,2016,70,70,70,70,70,70,0.9,4
LB,Default Joe,20,2016,70,70,70,70,70,70,0.9,4
LB,Default Joe,20,2016,70,70,70,70,70,70,0.9,4
LB,Default Joe,20,2016,70,70,70,70,70,70,0.9,4
END_PLAYERS
Milford, MFD
QB,Default Joe,20,2016,70,70,70,70,70,70,0.9,4
RB,Default Joe,20,2016,70,70,70,70,70,70,0.9,4
RB,Default Joe,20,2016,70,70,70,70,70,70,0.9,4
WR,Default Joe,20,2016,70,70,70,70,70,70,0.9,4
WR,Default Joe,20,2016,70,70,70,70,70,70,0.9,4
WR,Default Joe,20,2016,70,70,70,70,70,70,0.9,4
OL,Default Joe,20,2016,70,70,70,70,70,70,0.9,4
OL,Default Joe,20,2016,70,70,70,70,70,70,0.9,4
OL,Default Joe,20,2016,70,70,70,70,70,70,0.9,4
OL,Default Joe,20,2016,70,70,70,70,70,70,0.9,4
OL,Default Joe,20,2016,70,70,70,70,70,70,0.9,4
DL,Default Joe,20,2016,70,70,70,70,70,70,0.9,4
DL,Default Joe,20,2016,70,70,70,70,70,70,0.9,4
DL,Default Joe,20,2016,70,70,70,70,70,70,0.9,4
DL,Default Joe,20,2016,70,70,70,70,70,70,0.9,4
CB,Default Joe,20,2016,70,70,70,70,70,70,0.9,4
CB,Default Joe,20,2016,70,70,70,70,70,70,0.9,4
CB,Default Joe,20,2016,70,70,70,70,70,70,0.9,4
S,Default Joe,20,2016,70,70,70,70,70,70,0.9,4
LB,Default Joe,20,2016,70,70,70,70,70,70,0.9,4
LB,Default Joe,20,2016,70,70,70,70,70,70,0.9,4
LB,Default Joe,20,2016,70,70,70,70,70,70,0.9,4
END_PLAYERS
Newark, NWK
QB,Default Joe,20,2016,70,70,70,70,70,70,0.9,4
RB,Default Joe,20,2016,70,70,70,70,70,70,0.9,4
RB,Default Joe,20,2016,70,70,70,70,70,70,0.9,4
WR,Default Joe,20,2016,70,70,70,70,70,70,0.9,4
WR,Default Joe,20,2016,70,70,70,70,70,70,0.9,4
WR,Default Joe,20,2016,70,70,70,70,70,70,0.9,4
OL,Default Joe,20,2016,70,70,70,70,70,70,0.9,4
OL,Default Joe,20,2016,70,70,70,70,70,70,0.9,4
OL,Default Joe,20,2016,70,70,70,70,70,70,0.9,4
OL,Default Joe,20,2016,70,70,70,70,70,70,0.9,4
OL,Default Joe,20,2016,70,70,70,70,70,70,0.9,4
DL,Default Joe,20,2016,70,70,70,70,70,70,0.9,4
DL,Default Joe,20,2016,70,70,70,70,70,70,0.9,4
DL,Default Joe,20,2016,70,70,70,70,70,70,0.9,4
DL,Default Joe,20,2016,70,70,70,70,70,70,0.9,4
CB,Default Joe,20,2016,70,70,70,70,70,70,0.9,4
CB,Default Joe,20,2016,70,70,70,70,70,70,0.9,4
CB,Default Joe,20,2016,70,70,70,70,70,70,0.9,4
S,Default Joe,20,2016,70,70,70,70,70,70,0.9,4
LB,Default Joe,20,2016,70,70,70,70,70,70,0.9,4
LB,Default Joe,20,2016,70,70,70,70,70,70,0.9,4
LB,Default Joe,20,2016,70,70,70,70,70,70,0.9,4
END_PLAYERS
William Penn, WMP
QB,Default Joe,20,2016,70,70,70,70,70,70,0.9,4
RB,Default Joe,20,2016,70,70,70,70,70,70,0.9,4
RB,Default Joe,20,2016,70,70,70,70,70,70,0.9,4
WR,Default Joe,20,2016,70,70,70,70,70,70,0.9,4
WR,Default Joe,20,2016,70,70,70,70,70,70,0.9,4
WR,Default Joe,20,2016,70,70,70,70,70,70,0.9,4
OL,Default Joe,20,2016,70,70,70,70,70,70,0.9,4
OL,Default Joe,20,2016,70,70,70,70,70,70,0.9,4
OL,Default Joe,20,2016,70,70,70,70,70,70,0.9,4
OL,Default Joe,20,2016,70,70,70,70,70,70,0.9,4
OL,Default Joe,20,2016,70,70,70,70,70,70,0.9,4
DL,Default Joe,20,2016,70,70,70,70,70,70,0.9,4
DL,Default Joe,20,2016,70,70,70,70,70,70,0.9,4
DL,Default Joe,20,2016,70,70,70,70,70,70,0.9,4
DL,Default Joe,20,2016,70,70,70,70,70,70,0.9,4
CB,Default Joe,20,2016,70,70,70,70,70,70,0.9,4
CB,Default Joe,20,2016,70,70,70,70,70,70,0.9,4
CB,Default Joe,20,2016,70,70,70,70,70,70,0.9,4
S,Default Joe,20,2016,70,70,70,70,70,70,0.9,4
LB,Default Joe,20,2016,70,70,70,70,70,70,0.9,4
LB,Default Joe,20,2016,70,70,70,70,70,70,0.9,4
LB,Default Joe,20,2016,70,70,70,70,70,70,0.9,4
END_PLAYERS
St. Elizabeth, SEH
QB,Default Joe,20,2016,70,70,70,70,70,70,0.9,4
RB,Default Joe,20,2016,70,70,70,70,70,70,0.9,4
RB,Default Joe,20,2016,70,70,70,70,70,70,0.9,4
WR,Default Joe,20,2016,70,70,70,70,70,70,0.9,4
WR,Default Joe,20,2016,70,70,70,70,70,70,0.9,4
WR,Default Joe,20,2016,70,70,70,70,70,70,0.9,4
OL,Default Joe,20,2016,70,70,70,70,70,70,0.9,4
OL,Default Joe,20,2016,70,70,70,70,70,70,0.9,4
OL,Default Joe,20,2016,70,70,70,70,70,70,0.9,4
OL,Default Joe,20,2016,70,70,70,70,70,70,0.9,4
OL,Default Joe,20,2016,70,70,70,70,70,70,0.9,4
DL,Default Joe,20,2016,70,70,70,70,70,70,0.9,4
DL,Default Joe,20,2016,70,70,70,70,70,70,0.9,4
DL,Default Joe,20,2016,70,70,70,70,70,70,0.9,4
DL,Default Joe,20,2016,70,70,70,70,70,70,0.9,4
CB,Default Joe,20,2016,70,70,70,70,70,70,0.9,4
CB,Default Joe,20,2016,70,70,70,70,70,70,0.9,4
CB,Default Joe,20,2016,70,70,70,70,70,70,0.9,4
S,Default Joe,20,2016,70,70,70,70,70,70,0.9,4
LB,Default Joe,20,2016,70,70,70,70,70,70,0.9,4
LB,Default Joe,20,2016,70,70,70,70,70,70,0.9,4
LB,Default Joe,20,2016,70,70,70,70,70,70,0.9,4
END_PLAYERS
Sussex Tech, SXT
QB,Default Joe,20,2016,70,70,70,70,70,70,0.9,4
RB,Default Joe,20,2016,70,70,70,70,70,70,0.9,4
RB,Default Joe,20,2016,70,70,70,70,70,70,0.9,4
WR,Default Joe,20,2016,70,70,70,70,70,70,0.9,4
WR,Default Joe,20,2016,70,70,70,70,70,70,0.9,4
WR,Default Joe,20,2016,70,70,70,70,70,70,0.9,4
OL,Default Joe,20,2016,70,70,70,70,70,70,0.9,4
OL,Default Joe,20,2016,70,70,70,70,70,70,0.9,4
OL,Default Joe,20,2016,70,70,70,70,70,70,0.9,4
OL,Default Joe,20,2016,70,70,70,70,70,70,0.9,4
OL,Default Joe,20,2016,70,70,70,70,70,70,0.9,4
DL,Default Joe,20,2016,70,70,70,70,70,70,0.9,4
DL,Default Joe,20,2016,70,70,70,70,70,70,0.9,4
DL,Default Joe,20,2016,70,70,70,70,70,70,0.9,4
DL,Default Joe,20,2016,70,70,70,70,70,70,0.9,4
CB,Default Joe,20,2016,70,70,70,70,70,70,0.9,4
CB,Default Joe,20,2016,70,70,70,70,70,70,0.9,4
CB,Default Joe,20,2016,70,70,70,70,70,70,0.9,4
S,Default Joe,20,2016,70,70,70,70,70,70,0.9,4
LB,Default Joe,20,2016,70,70,70,70,70,70,0.9,4
LB,Default Joe,20,2016,70,70,70,70,70,70,0.9,4
LB,Default Joe,20,2016,70,70,70,70,70,70,0.9,4
END_PLAYERS
Brandywine, BYW
QB,Default Joe,20,2016,70,70,70,70,70,70,0.9,4
RB,Default Joe,20,2016,70,70,70,70,70,70,0.9,4
RB,Default Joe,20,2016,70,70,70,70,70,70,0.9,4
WR,Default Joe,20,2016,70,70,70,70,70,70,0.9,4
WR,Default Joe,20,2016,70,70,70,70,70,70,0.9,4
WR,Default Joe,20,2016,70,70,70,70,70,70,0.9,4
OL,Default Joe,20,2016,70,70,70,70,70,70,0.9,4
OL,Default Joe,20,2016,70,70,70,70,70,70,0.9,4
OL,Default Joe,20,2016,70,70,70,70,70,70,0.9,4
OL,Default Joe,20,2016,70,70,70,70,70,70,0.9,4
OL,Default Joe,20,2016,70,70,70,70,70,70,0.9,4
DL,Default Joe,20,2016,70,70,70,70,70,70,0.9,4
DL,Default Joe,20,2016,70,70,70,70,70,70,0.9,4
DL,Default Joe,20,2016,70,70,70,70,70,70,0.9,4
DL,Default Joe,20,2016,70,70,70,70,70,70,0.9,4
CB,Default Joe,20,2016,70,70,70,70,70,70,0.9,4
CB,Default Joe,20,2016,70,70,70,70,70,70,0.9,4
CB,Default Joe,20,2016,70,70,70,70,70,70,0.9,4
S,Default Joe,20,2016,70,70,70,70,70,70,0.9,4
LB,Default Joe,20,2016,70,70,70,70,70,70,0.9,4
LB,Default Joe,20,2016,70,70,70,70,70,70,0.9,4
LB,Default Joe,20,2016,70,70,70,70,70,70,0.9,4
END_PLAYERS
Indian River, IDR
QB,Default Joe,20,2016,70,70,70,70,70,70,0.9,4
RB,Default Joe,20,2016,70,70,70,70,70,70,0.9,4
RB,Default Joe,20,2016,70,70,70,70,70,70,0.9,4
WR,Default Joe,20,2016,70,70,70,70,70,70,0.9,4
WR,Default Joe,20,2016,70,70,70,70,70,70,0.9,4
WR,Default Joe,20,2016,70,70,70,70,70,70,0.9,4
OL,Default Joe,20,2016,70,70,70,70,70,70,0.9,4
OL,Default Joe,20,2016,70,70,70,70,70,70,0.9,4
OL,Default Joe,20,2016,70,70,70,70,70,70,0.9,4
OL,Default Joe,20,2016,70,70,70,70,70,70,0.9,4
OL,Default Joe,20,2016,70,70,70,70,70,70,0.9,4
DL,Default Joe,20,2016,70,70,70,70,70,70,0.9,4
DL,Default Joe,20,2016,70,70,70,70,70,70,0.9,4
DL,Default Joe,20,2016,70,70,70,70,70,70,0.9,4
DL,Default Joe,20,2016,70,70,70,70,70,70,0.9,4
CB,Default Joe,20,2016,70,70,70,70,70,70,0.9,4
CB,Default Joe,20,2016,70,70,70,70,70,70,0.9,4
CB,Default Joe,20,2016,70,70,70,70,70,70,0.9,4
S,Default Joe,20,2016,70,70,70,70,70,70,0.9,4
LB,Default Joe,20,2016,70,70,70,70,70,70,0.9,4
LB,Default Joe,20,2016,70,70,70,70,70,70,0.9,4
LB,Default Joe,20,2016,70,70,70,70,70,70,0.9,4
END_PLAYERS
Delcastle Technical, DCT
QB,Default Joe,20,2016,70,70,70,70,70,70,0.9,4
RB,Default Joe,20,2016,70,70,70,70,70,70,0.9,4
RB,Default Joe,20,2016,70,70,70,70,70,70,0.9,4
WR,Default Joe,20,2016,70,70,70,70,70,70,0.9,4
WR,Default Joe,20,2016,70,70,70,70,70,70,0.9,4
WR,Default Joe,20,2016,70,70,70,70,70,70,0.9,4
OL,Default Joe,20,2016,70,70,70,70,70,70,0.9,4
OL,Default Joe,20,2016,70,70,70,70,70,70,0.9,4
OL,Default Joe,20,2016,70,70,70,70,70,70,0.9,4
OL,Default Joe,20,2016,70,70,70,70,70,70,0.9,4
OL,Default Joe,20,2016,70,70,70,70,70,70,0.9,4
DL,Default Joe,20,2016,70,70,70,70,70,70,0.9,4
DL,Default Joe,20,2016,70,70,70,70,70,70,0.9,4
DL,Default Joe,20,2016,70,70,70,70,70,70,0.9,4
DL,Default Joe,20,2016,70,70,70,70,70,70,0.9,4
CB,Default Joe,20,2016,70,70,70,70,70,70,0.9,4
CB,Default Joe,20,2016,70,70,70,70,70,70,0.9,4
CB,Default Joe,20,2016,70,70,70,70,70,70,0.9,4
S,Default Joe,20,2016,70,70,70,70,70,70,0.9,4
LB,Default Joe,20,2016,70,70,70,70,70,70,0.9,4
LB,Default Joe,20,2016,70,70,70,70,70,70,0.9,4
LB,Default Joe,20,2016,70,70,70,70,70,70,0.9,4
END_PLAYERS
